2 6 E 15
1 2 D 2
4 1 G 16
2 3 A 9
1 5 D 8
1 1 F 17
2 2 F 10
4 6 G 19
4 4 D 6
1 3 D 6
2 3 A 1
1 5 C 12
4 4 B 6
4 6 D 5
4 6 D 4
3 2 D 12
4 1 D 5
4 2 C 11
1 3 E 2
2 6 E 7
2 5 E 13
2 3 E 10
1 3 H 1
3 1 E 20
2 1 D 17
2 3 G 19
4 5 C 18
3 6 G 10
3 4 E 8
3 2 F 2
4 5 C 17
4 6 A 16
2 4 E 6
4 4 H 8
3 6 D 4
2 4 H 9
1 1 A 17
3 5 B 3
2 4 D 8
2 1 A 3
1 6 F 20
1 1 H 3
2 1 H 14
2 2 A 20
2 5 A 10
3 4 G 1
1 2 D 14
2 2 E 11
2 4 H 11
2 3 D 12
2 6 F 18
4 6 A 2
1 4 F 8
2 4 E 14
4 2 C 10
3 5 D 6
1 4 B 14
1 2 F 18
2 2 G 5
3 4 A 1
3 4 H 19
1 5 E 5
3 2 H 6
2 4 G 18
3 1 E 6
1 3 F 3
3 5 B 6
3 4 A 7
3 1 F 2
2 2 G 13
3 2 C 20
2 5 E 1
3 2 H 15
3 5 D 17
4 1 H 3
4 6 H 17
1 3 A 7
3 2 B 7
3 4 F 20
3 4 G 19
1 5 E 5
1 4 G 13
1 6 A 18
3 3 F 10
1 2 H 20
4 3 G 11
3 6 F 8
1 4 D 6
2 4 A 12
2 6 G 15
2 6 D 20
3 5 E 12
4 6 D 10
3 3 E 13
4 2 F 11
1 3 E 16
1 2 F 7
2 1 E 6
4 1 A 5
4 5 B 9
